

[grid]

nt = 1000

nx = 512
ny = 256

ht = 0.1

x1 = -3.141592653589793
x2 = +3.141592653589793

y1 = -3.141592653589793
y2 = +3.141592653589793


[solver]

petsc_snes_atol = 1E-9
petsc_snes_rtol = 1E-16
petsc_snes_stol = 1E-18
petsc_snes_max_iter = 20

petsc_ksp_atol = 1E-14
petsc_ksp_rtol = 1E-5
petsc_ksp_max_iter = 1000


[initial_data]

python = current_sheet
nfourier = 22


[io]

hdf5_output = /tokp/scratch/mkraus/viRMHD2D/current_sheet_512x256_asm.hdf5
nsave = 1
