

[grid]

nt = 10

nx = 1024
ny = 1024

ht = 0.1

x1 = -3.141592653589793
x2 = +3.141592653589793

y1 = -3.141592653589793
y2 = +3.141592653589793


[solver]

petsc_snes_atol = 1E-10
petsc_snes_rtol = 1E-16
petsc_snes_stol = 1E-18
petsc_snes_max_iter = 20

petsc_ksp_atol = 1E-10
petsc_ksp_rtol = 1E-4
petsc_ksp_max_iter = 1000


[initial_data]

python = current_sheet
nfourier = 22


[io]

hdf5_output = current_sheet_1024x1024.hdf5
nsave = 10
