
[grid]

nt = 1000

nx = 256
ny = 128

ht = 0.01

x1 = -3.141592653589793
x2 = +3.141592653589793

y1 = -3.141592653589793
y2 = +3.141592653589793


[solver]

petsc_snes_rtol      = 1E-12
petsc_snes_atol      = 5E-16
petsc_snes_stol      = 1E-18
petsc_snes_max_iter  = 10

petsc_ksp_atol       = 1E-14
petsc_ksp_rtol       = 1E-8
petsc_ksp_max_iter   = 10

poisson_ksp_rtol     = 1E-14

pc_jacobi_max_iter   = 1

pc_poisson_rtol      = 1E-10
pc_parabol_rtol      = 1E-8
pc_parabol_atol      = 1E-16
pc_parabol_max_iter  = 5


[initial_data]

skin_depth = 0.2


[io]

hdf5_input  = reconnection_256x128.hdf5
hdf5_output = reconnection_256x128.hdf5
nsave = 100
